9956
11777
9750
-119
80
78
71
13
10
26
10
0
0
0
13
73
72
68
82
0
0
6
-42
0
0
2
48
8
6
0
0
0
18
-44
95
-37
0
0
46
-66
73
68
65
84
120
-38
-19
-38
-79
9
20
6
20
71
81
-42
28
-122
-50
-55
-29
-75
-120
-80
119
123
-115
-17
78
123
49
-77
-99
67
-15
69
55
66
-71
124
114
55
89
-99
-91
115
-82
14
-52
56
66
-108
-114
-67
-95
-55
31
67
75
84
18
69
6
-98
-76
46
27
65
49
93
-39
-94
-60
-3
19
-10
-7
61
97
-40
13
4
-56
-86
5
-117
86
11
-69
10
-10
-6
123
-50
-66
-99
-122
49
108
29
-10
87
75
97
-7
0
0
56
-57
111
42
-84
-48
34
2
101
-71
77
-37
76
-103
-80
86
-118
-35
-114
94
-105
-103
36
-55
-72
77
-37
76
-103
9
91
110
-45
54
19
-27
11
-67
121
-42
100
-112
102
-26
-67
48
-84
-55
54
19
-27
11
-67
121
-106
-118
16
-67
-62
-102
-87
-91
34
-96
-95
65
-7
-6
-62
-80
38
17
-67
-62
-102
-87
-91
34
68
-81
-7
-12
-26
83
41
-106
-81
-14
-113
-80
-122
-27
-109
100
-40
35
2
-27
11
-8
-3
-76
-51
52
114
-53
-37
36
127
-49
-126
-54
11
27
-108
-81
59
53
-55
48
-74
38
44
-8
-44
59
-57
-117
8
-108
111
42
-84
-64
-37
32
-108
-120
10
-109
57
-84
73
-102
79
-117
28
-84
80
0
32
-84
-119
10
-113
-88
53
-7
-12
102
-64
54
83
23
-69
6
0
66
-5
-3
84
-54
111
62
45
34
68
-81
121
-42
32
-84
25
-104
-86
30
0
48
-67
36
73
-90
-103
64
-19
83
38
-84
-54
-15
-26
89
42
66
111
62
-107
98
-73
-50
-15
-9
2
-122
53
-117
28
-123
47
-12
-26
83
0
0
-75
-33
107
102
22
0
-48
-42
23
-27
-21
11
-55
-80
6
-75
-33
107
102
22
0
64
-19
-9
-45
34
66
-81
114
-68
16
-13
-62
-102
-57
-82
73
-122
-9
-45
34
66
-81
114
-68
-87
-80
-62
-102
-128
-54
111
42
-84
25
-80
-120
-80
-97
38
25
-10
-84
9
91
-54
111
42
-52
-57
-121
-14
77
-123
71
-44
-102
88
51
-111
-24
17
-63
-14
73
-110
100
-111
-93
-16
5
124
-126
53
1
21
-53
119
-114
95
-96
124
-127
-10
119
126
105
48
0
0
-120
94
-13
-84
-127
-34
124
90
-28
40
124
-25
-8
76
88
63
-54
-106
0
-128
-23
37
73
114
-12
122
-25
-8
-52
-124
57
10
-33
57
94
68
-24
-51
7
-97
-24
-62
109
-13
94
12
107
-46
57
94
68
-24
5
106
-65
-97
2
0
97
-51
-64
-17
-89
114
7
22
17
-90
55
-84
73
2
0
97
-51
-64
-17
-89
0
0
-54
55
-97
-27
91
-33
-58
72
-17
5
-11
27
34
-32
-5
-16
-87
-63
-83
20
-53
119
-114
-25
98
63
-123
-32
-18
-86
-10
-63
118
124
105
48
-55
-80
-94
69
29
59
-32
123
41
60
28
-93
124
-25
-8
-123
104
-11
80
-101
-65
-117
-81
54
40
-33
124
90
80
-7
5
54
-12
30
-44
-17
82
-113
-26
-8
-89
55
3
2
0
46
-87
-7
101
92
103
-128
-26
-74
5
-54
55
-97
2
32
-40
-127
-35
57
126
112
111
50
-100
-90
-105
36
73
103
56
60
-20
-128
38
21
-35
-50
72
-114
-62
23
90
68
-62
40
-1
116
112
119
106
0
0
40
-53
109
122
-95
77
-104
23
80
-105
97
-103
42
-107
80
126
39
113
17
65
10
53
39
7
-116
117
-80
-108
127
-12
90
80
-79
-4
51
24
90
-78
38
-55
6
-27
56
-33
-87
73
-122
-79
126
52
-106
28
-30
31
19
29
109
51
81
97
5
-34
14
-12
41
25
98
-35
-118
0
64
88
19
-26
96
5
-2
86
99
73
29
23
-42
-116
-59
-32
19
74
-76
-103
38
67
-60
-56
47
-110
-122
30
-97
-19
17
33
122
-123
53
123
-36
23
88
51
-119
102
76
-94
6
-109
100
24
91
27
10
-125
-113
-59
-48
-23
29
28
55
21
86
-32
109
48
58
-72
18
-76
-118
102
66
1
71
-96
-10
-87
87
-71
-114
-87
-116
-32
-105
-17
127
36
-119
22
54
71
-81
-117
95
-60
127
93
83
75
-65
-100
-107
124
-13
105
-101
-119
-70
-120
120
80
-85
34
-50
88
-13
122
73
-110
100
-101
-87
-62
104
-40
57
30
-42
-60
116
-76
-23
-123
22
17
80
16
81
-87
115
48
67
-5
-88
-86
0
-128
94
-96
124
-27
-65
110
-116
53
-64
39
29
-100
-123
-121
-62
-41
23
-102
120
-25
-82
71
-114
96
85
-106
-59
-14
-113
-62
55
-65
46
28
-6
-31
-117
95
83
-73
30
-42
36
71
-81
-59
68
-81
-65
-21
-75
25
117
84
108
-43
-102
124
-16
59
98
-42
30
35
-114
-97
39
-75
38
-42
-44
26
-96
-10
-13
117
-18
-28
-22
-89
-69
32
-82
74
-124
45
57
33
-29
-22
92
-21
-110
100
36
-71
100
72
-43
-124
5
-51
4
-66
5
37
-75
21
107
-25
60
-59
-80
70
88
83
57
92
111
-93
-65
-109
8
-95
-103
-120
94
-27
56
51
-95
-113
-34
104
99
-53
23
-91
-45
-55
-67
94
45
85
19
-10
55
83
-110
-12
-110
16
26
-39
69
-17
-89
-114
8
-128
-64
-74
-16
-125
-96
-100
58
29
-2
65
51
-127
-73
-63
78
-97
-113
34
-10
12
11
-4
124
-110
76
51
-127
-73
-55
80
-89
-75
20
-45
-63
-103
36
-123
22
57
120
-40
-59
72
19
-110
-94
87
80
11
-86
-22
-123
22
57
120
-60
72
-81
62
75
-1
-82
-32
70
124
17
97
122
25
-42
102
-122
-70
-49
26
-52
-124
-19
58
104
-101
-119
-14
-123
30
77
-76
-68
-48
109
67
28
-74
112
16
84
-84
-56
-96
75
101
-106
41
80
-68
88
-27
-15
32
-100
82
26
-1
-16
12
90
-122
85
-6
68
50
102
-21
7
29
-33
-116
-97
99
53
-78
-37
96
-74
-100
0
-121
-126
-73
-79
23
8
44
67
122
-39
-118
-61
-54
-72
124
-13
-92
-6
-60
60
91
117
-25
50
-90
126
56
66
15
0
0
81
-31
-111
-35
-94
98
11
-43
40
-118
32
-113
-81
60
-18
19
-108
-60
104
108
-99
-38
103
123
80
49
84
126
61
-74
-40
-3
-59
-54
31
-112
-73
81
-5
106
77
-35
26
-78
122
-67
124
-10
-38
57
126
-30
74
59
59
111
-95
-11
-96
117
22
-112
-113
-127
-60
105
-41
40
-22
-67
94
80
-79
53
49
52
-82
114
-103
47
-109
98
92
79
-126
47
-33
-36
126
-95
58
28
-9
-64
-109
115
77
41
51
19
-74
-36
-122
26
-87
-40
98
-16
-40
91
-127
63
-17
-109
11
-65
-8
47
90
18
119
58
21
30
84
12
21
-53
24
-50
-37
-74
-36
-46
-110
3
109
75
-66
13
95
56
-30
-66
-13
-6
-80
62
-31
109
98
77
-120
-64
90
-57
-100
-116
-53
71
-15
19
-8
16
-11
-17
-102
-41
105
121
95
45
85
-109
22
69
-58
-82
-42
111
66
-108
-90
-78
66
-16
88
-103
45
-1
-92
-112
96
-72
8
-111
12
10
77
88
115
-114
87
12
103
-18
121
6
5
103
3
111
57
31
40
-83
-114
19
35
16
-12
23
-105
34
75
85
-83
-55
27
115
-106
-124
124
72
69
-16
116
-126
123
84
-110
40
57
-5
104
73
79
33
120
27
-64
82
-8
-70
36
4
51
-26
-8
-50
-103
16
-22
-95
31
28
108
-67
-122
-16
22
-107
-29
-20
-12
9
52
13
94
-75
-89
61
95
124
103
-41
58
63
-78
93
123
100
-67
-96
18
78
70
121
88
51
97
-76
69
29
52
54
-74
16
79
54
-33
-94
-11
-37
69
-33
61
-21
31
-19
-77
116
-125
42
119
36
0
96
85
24
79
1
-66
-110
5
-43
116
-115
-90
55
-47
-46
-36
-125
74
-75
-69
-123
24
85
-34
72
19
107
-41
103
-41
122
-38
-109
54
90
-45
3
5
84
-25
85
-63
-60
6
-95
68
-104
83
64
-29
-54
-73
108
51
-82
-77
3
-124
97
104
100
73
-32
-49
96
-16
-53
71
-66
22
57
-124
-125
53
-71
4
4
-128
70
7
-122
-12
-96
-3
58
87
-11
-92
68
89
34
-7
60
-32
-23
-72
-101
-25
120
-22
97
40
50
-48
-15
-51
18
73
-74
-105
-128
-13
122
-28
87
-22
43
-49
106
23
32
112
103
-40
-44
-98
13
-122
-39
12
-45
-104
-71
77
-52
-75
28
-98
109
-18
91
71
-125
-40
-42
0
-124
-10
-5
17
-52
37
-118
80
-117
16
104
42
-57
-81
-38
-64
-42
49
9
-6
-113
86
80
53
71
-81
-58
15
-109
68
-115
-31
60
-85
89
-77
-69
-47
47
-86
-53
-86
-114
61
37
-99
12
107
-72
123
127
-76
-41
122
24
24
37
-64
12
117
52
66
-8
-72
-5
-114
-50
42
-40
-102
75
-121
-89
0
-96
-73
63
-113
-13
-125
92
-9
8
42
-87
109
37
-101
8
51
112
-57
-75
-111
-66
-29
-3
-21
50
-96
-78
-108
119
99
77
46
108
-71
-108
-80
41
109
-73
11
53
-33
-108
86
-41
-79
47
121
-42
14
123
0
96
121
69
-114
-76
-48
122
108
-79
-125
-40
51
-12
113
-40
-71
-77
-13
96
-62
17
71
-93
-9
-104
-80
-119
121
-106
121
3
127
-10
-121
26
33
120
-21
-88
91
-127
39
7
31
61
-81
-27
-128
-69
121
47
96
88
27
-89
19
-98
-6
-33
-7
-112
90
49
30
-13
121
-43
30
8
-4
-14
102
89
-77
91
75
-26
109
-101
96
-38
-115
-96
56
44
-7
-64
-73
-40
-128
65
-119
-36
21
-29
-1
-79
-55
-6
-71
-110
81
-31
-55
5
57
68
-88
-33
58
92
-11
81
-31
116
97
-107
-125
-83
84
73
75
-5
116
47
0
32
20
35
105
-90
-9
-66
-85
-8
127
-42
-77
107
-99
-127
111
75
-58
47
-32
122
41
64
-51
113
0
8
115
20
-2
71
62
-59
-29
58
86
36
121
81
-91
113
94
-75
-114
-63
12
-125
67
69
-81
-31
-3
-44
-80
46
124
22
-126
105
-74
29
-36
54
101
-101
-99
121
-96
-30
-100
125
74
76
-90
69
-68
-1
14
65
16
68
59
4
-42
122
-48
122
82
57
38
67
120
-113
-105
-77
-84
104
-15
-61
-102
-80
38
76
-111
41
127
-122
-78
66
-34
54
-69
-128
75
31
-13
121
-117
-126
111
78
-38
18
0
-120
15
-102
-7
-24
-11
45
-76
28
28
-89
-19
-63
-59
-119
-51
-71
3
125
16
-82
86
-17
115
-119
-108
63
122
53
-84
57
-11
-120
96
-38
-115
111
-50
82
-17
114
100
32
-38
-101
-78
-10
107
-55
-80
-122
-80
-25
121
-23
48
60
-73
24
-103
-4
-27
-22
-119
61
-24
-101
-27
-66
66
-116
9
90
-4
121
-106
-86
9
115
20
-66
26
-43
122
104
-115
-105
-1
93
-37
17
124
-34
-90
110
-115
-63
6
27
-76
91
-125
102
-62
-33
-91
-89
22
-126
105
39
-122
35
49
68
75
-14
-110
67
-19
54
-17
-67
78
-90
-101
78
32
-53
-102
73
36
97
-72
-69
122
-48
122
123
18
69
61
-48
23
72
30
-104
-52
70
12
-128
-80
38
-52
-55
63
0
-111
77
26
105
95
-38
-60
-100
-89
103
-51
16
-62
95
-97
125
-82
-97
-91
34
-121
53
85
-85
-98
44
88
-22
-5
-123
-6
-85
20
-11
-77
-59
-101
32
-9
58
25
16
20
38
-76
14
-50
-27
-115
99
-52
-63
-41
-95
-73
-89
-107
-117
7
-61
37
122
19
95
94
54
-57
9
107
14
-114
-73
-18
35
-79
55
-111
-17
117
-38
36
124
-52
-25
109
-64
86
-4
-99
45
106
-77
35
42
71
104
38
84
-83
-86
-119
108
118
-98
-98
-44
76
116
-87
-47
32
39
57
121
-107
120
125
77
1
0
18
-79
127
23
8
-90
-35
8
-120
5
-34
112
33
122
-81
-32
76
88
107
39
111
-59
20
32
120
-33
-78
38
87
84
119
34
1
-125
-124
61
-69
-42
83
-14
-20
25
-14
58
-118
-63
7
38
54
-79
102
-62
-100
69
78
126
-38
29
-100
82
-3
78
-107
80
18
-7
-36
-43
67
71
13
-102
-128
28
-15
66
-12
89
42
122
108
-79
-23
80
-100
-24
50
44
83
-16
121
-102
-59
123
-107
-100
-72
99
14
79
63
122
-58
-102
12
59
5
-26
23
51
-105
118
-128
100
32
45
99
-125
112
76
-15
48
-107
-37
102
-62
-101
114
-50
-26
49
4
10
-89
-17
11
11
124
127
5
-50
-119
86
9
110
41
-3
51
-55
114
-100
-119
10
-113
-76
-44
76
56
-51
61
74
-8
-38
117
26
39
68
-30
-67
78
121
-42
-122
76
3
-128
102
-63
-11
-9
105
4
-97
21
2
-25
32
-94
69
-89
-97
98
-95
35
-66
91
51
-94
114
-98
78
32
19
-4
50
124
-7
-112
126
-126
4
30
-11
59
-1
87
-38
92
8
37
77
-11
-114
17
-97
-80
38
-76
-119
-109
3
26
105
120
109
-74
-96
82
-23
-128
45
-50
23
107
75
-88
-43
12
126
-73
-51
68
-31
120
-34
8
-120
100
-30
46
22
-62
-52
-103
-39
-71
-24
-44
-3
30
28
113
-44
-65
6
56
109
63
58
-116
-23
22
5
9
95
103
90
74
93
66
-117
-53
-50
68
-38
123
93
-41
11
-62
-102
48
7
1
47
46
35
48
48
-24
-11
-79
29
8
-111
-32
124
-15
-126
-6
-97
100
65
62
-68
77
94
21
76
-43
-86
-21
24
-80
-30
91
83
112
-52
58
-43
101
47
53
37
39
-2
-24
-21
59
-108
37
-122
11
17
124
27
-88
121
-78
57
-69
-94
-45
-18
114
-99
12
-22
42
-7
-93
33
0
8
107
-62
30
-62
-9
47
-25
-117
35
119
-1
78
50
112
-66
-32
116
27
-65
41
59
75
99
82
-23
-75
-51
-126
94
-33
-26
51
91
-94
-118
-123
-62
-71
64
18
-55
-13
-27
-41
-108
-100
92
85
-41
78
63
116
-18
-24
-20
-126
76
-118
84
51
23
92
29
-67
-51
-60
-7
-78
43
21
47
-13
-105
98
107
-62
10
-23
105
1
36
-13
-39
28
97
-90
60
-73
-28
-4
113
-41
82
21
-127
-34
-59
-78
24
-68
-96
-30
10
43
8
-52
81
107
42
-16
-112
88
77
19
-5
13
-117
107
87
-116
-101
-32
-56
118
11
42
86
31
-16
-13
105
100
-30
84
4
-90
-106
-4
-26
24
34
95
-77
-86
-19
108
101
42
60
107
66
-102
56
101
-32
10
-84
59
36
-11
-96
17
-33
82
18
-87
-9
59
-31
-9
0
-88
-79
-54
67
-12
-102
-3
-89
-72
75
109
-45
-105
-24
69
44
-25
20
87
-69
102
-43
104
-84
-110
59
-72
-18
56
-41
94
47
41
118
68
44
107
-34
11
4
119
7
-67
-45
39
-22
50
21
82
96
42
-42
62
-15
50
94
-33
-52
35
-60
34
-117
-101
0
0
25
20
-106
-37
22
71
120
-55
-80
-64
-103
-103
90
36
-30
-52
-124
53
-83
-82
-3
82
35
-114
-93
-56
32
8
93
70
-27
96
-99
99
-123
-97
8
33
122
-123
-8
-63
25
96
-26
109
-36
-87
89
54
124
-85
-82
79
46
25
-66
-1
81
-43
-124
53
-25
-40
-97
-102
-58
-32
-87
-1
-4
30
86
-31
-121
-79
-10
-119
-89
-15
-27
59
93
-79
124
-25
-69
-37
-124
126
-25
-8
71
-128
28
33
-39
-9
89
-66
38
-30
-1
71
85
51
97
77
-97
7
-25
91
-46
75
98
-102
97
-29
-94
-29
127
13
-122
55
-50
-64
-36
102
-94
124
-62
61
-9
9
-94
-41
57
-2
2
22
-127
122
45
52
25
69
-54
-14
1
-17
53
97
-51
-128
-12
39
20
-58
-10
-3
-2
-16
-24
-89
0
-128
-104
55
110
39
62
114
-42
100
65
-35
100
-48
93
33
122
-27
77
80
-2
-33
-119
62
-39
-23
67
105
75
-7
123
1
0
28
-41
-15
29
2
-35
28
45
-97
-92
-55
52
83
57
-2
104
-47
18
-80
-121
-62
-41
-111
-15
62
-57
-88
-3
62
75
-31
-18
29
23
102
88
-7
-34
-46
-52
76
88
19
74
-76
-101
-79
-5
-83
-24
5
-77
-27
-88
-76
-108
127
-12
10
0
33
15
35
-87
-108
23
97
85
-114
-42
-92
35
50
-84
-103
-110
64
115
76
88
99
-123
-59
-120
117
-48
-124
53
3
-33
-88
-102
105
80
51
52
23
0
0
64
-56
114
27
52
51
122
-124
22
57
10
-17
-8
65
-41
-37
-113
-73
-66
120
11
103
-128
-45
-25
124
-52
-63
97
-105
-27
97
77
104
-65
-57
78
-16
79
-61
87
-96
91
-83
25
77
118
-51
-80
102
69
75
-122
22
84
110
-24
-4
-82
-61
59
30
84
-2
-93
-14
0
-96
-55
-80
-19
-18
-87
-16
71
47
97
125
-12
42
54
-54
-45
-53
88
19
-116
77
99
-102
33
-27
-95
-16
37
1
17
74
114
52
-22
-126
112
111
-30
-86
-3
62
75
5
5
-16
-90
108
88
51
111
-17
-86
35
2
-64
-80
-30
77
-126
40
-37
-119
30
28
27
63
-98
81
63
107
-96
5
5
19
83
-97
-6
-118
-64
-37
-90
120
11
102
-30
109
-14
-92
85
36
-61
-17
-113
5
-71
87
64
51
83
-7
119
-12
62
96
54
-54
82
-128
-106
-65
107
-109
-29
57
94
-28
40
54
38
-27
101
-92
77
118
51
18
-112
-83
54
8
24
-101
51
-1
-110
-87
-116
-63
117
-6
-60
57
30
-42
74
-7
-57
111
-68
101
114
-119
27
89
-98
101
-56
-99
84
120
68
109
-75
27
-13
-99
32
-83
-82
87
26
-84
9
-100
-120
94
-3
-39
-99
68
16
-42
-124
88
7
-1
40
52
-94
87
114
-27
85
10
-73
76
-58
-49
-111
-118
-93
-19
41
-104
-97
119
41
30
-95
-101
99
-13
64
55
64
106
65
0
32
122
77
1
-75
106
48
-60
111
-122
97
77
-122
53
-96
72
-12
-16
-86
-70
22
-94
-30
-57
88
19
-106
-19
80
-11
0
-75
79
49
37
-108
84
-12
-55
-82
79
78
103
-64
-44
82
81
-71
30
40
92
-89
-100
-55
84
-54
11
-86
54
-84
25
-38
85
116
46
95
-124
53
19
12
-56
48
-12
-34
-79
65
82
-51
-74
-2
-120
14
-18
42
102
-112
74
1
95
10
-35
-119
1
124
54
-48
8
119
57
-56
97
-76
123
69
-22
-43
-87
43
81
-87
-73
57
126
116
-101
28
40
-55
-112
92
56
81
119
120
-75
79
-80
6
-116
23
119
72
-24
39
-35
71
37
125
-30
-19
51
44
18
-108
-96
48
-98
-18
81
48
26
0
104
51
-127
102
39
30
39
-48
109
97
66
82
17
-8
-38
90
91
-83
66
16
23
-29
99
6
42
74
-47
-116
-63
-35
-43
-89
-64
-126
92
17
-33
-75
93
-30
-64
104
113
57
120
127
52
-14
-34
-104
106
-76
-108
116
102
94
-78
-119
27
31
-67
-88
52
-23
63
-6
-100
37
54
101
-87
-16
96
-127
-18
-70
71
-36
-14
75
-17
10
-13
-29
85
50
-99
46
25
-123
-32
-74
-55
-128
-118
-74
-53
-76
14
66
-91
114
-62
-120
-99
-29
93
-86
48
53
-2
117
99
-18
-109
-94
-57
12
91
114
-88
-25
-56
116
-114
-33
-37
-35
24
-101
-97
47
50
-88
-67
-80
-52
-24
30
-68
77
-87
99
14
-20
87
-31
-111
48
46
-56
-67
-114
-124
26
81
105
51
58
-2
101
59
-117
120
8
107
-76
-73
8
53
97
-53
-48
59
-8
-120
-125
123
23
-117
4
-30
20
-110
35
-88
36
-97
113
-48
94
25
-67
-36
-115
-48
76
8
63
42
91
-99
114
78
-82
66
59
57
114
68
109
86
54
-20
-94
70
28
-69
106
0
-85
21
30
84
113
-99
62
-39
13
12
-64
-51
102
83
-39
-58
-93
-57
8
-15
-32
104
-63
-126
-87
-84
22
68
37
-36
-111
109
-15
-21
-41
43
7
94
68
-127
32
84
30
-65
11
85
-85
58
-19
77
102
-9
-16
31
-123
47
19
-47
3
-55
48
75
-69
34
-12
-109
85
103
97
-122
-67
71
9
-38
66
101
-61
106
-25
-76
122
0
-128
81
-47
59
36
87
88
59
-70
-108
106
84
25
94
-46
-80
-23
-29
7
-42
-76
-51
-52
61
36
3
-118
-5
-101
46
123
82
25
75
33
-128
33
75
-11
123
-118
87
18
34
14
59
-89
-49
-15
-111
-6
-11
-80
118
-102
12
-20
122
-28
-105
18
19
46
35
-128
102
106
-79
114
-73
-43
-119
50
100
113
-57
48
-74
-103
90
7
47
110
59
-47
-38
95
58
-59
-36
-58
-79
103
89
18
-110
-32
-32
-87
-58
25
-59
113
62
75
-59
-23
19
94
-85
33
55
-70
116
-64
109
-75
-49
114
44
108
18
-11
93
125
89
82
0
-39
120
-42
-10
-24
-112
-13
105
66
4
96
-109
-73
56
-46
63
116
16
118
-38
96
-54
-84
6
38
-122
86
61
-64
21
-70
-123
-44
-73
-24
21
-85
75
-98
88
-121
85
78
116
54
47
-78
-14
-12
97
-4
-98
63
-50
-15
-69
-90
-44
-43
-59
-21
-48
-92
-66
-76
-17
119
110
50
32
37
89
64
-104
33
-111
9
-121
7
-75
-41
-116
10
63
-65
-41
73
-9
58
-78
34
114
40
0
32
98
89
107
-44
-6
74
6
83
115
92
48
-84
74
89
-36
-18
73
-95
87
-104
-115
-52
83
101
16
119
119
-48
56
-60
-65
92
89
42
76
-8
-23
-88
77
83
-79
58
-9
-91
120
113
-118
17
34
-115
26
50
-84
-4
-18
124
-37
57
-57
-24
-17
97
-73
85
22
-4
-2
-5
-93
100
-36
-58
107
-13
-21
-18
-68
99
-16
-25
120
11
82
60
-78
43
-85
53
-17
-117
4
-34
-26
-91
10
105
108
-8
10
89
-123
100
-30
86
-12
113
-80
-118
11
-105
-68
37
27
-42
-22
83
107
119
-4
112
27
105
49
54
-112
-43
-117
26
117
21
-108
38
74
-47
-62
63
92
-106
-128
-8
-101
7
60
60
49
-122
-10
60
64
65
69
44
-68
44
31
-111
82
51
-124
-7
-50
-128
115
41
-65
15
77
-29
10
126
-1
-67
-115
-127
-92
72
-84
-34
-3
37
-59
-100
-41
-105
63
-2
113
-50
18
42
29
61
-70
-102
-126
70
0
0
107
102
-74
-19
-50
125
-14
85
103
13
-127
32
-64
-103
27
127
-104
-44
18
-120
12
107
-58
87
125
-89
-89
27
40
110
-23
-54
107
-126
89
50
-6
-19
-5
72
-60
-73
-48
-66
-73
-7
14
-105
-59
21
-67
-84
23
-19
37
54
-48
-91
116
-14
-69
106
26
92
22
-67
36
-11
73
-5
-87
121
-25
115
77
-40
14
69
-114
-62
98
-70
47
-119
-109
97
-81
-111
-21
-96
115
80
-106
36
119
-51
62
-109
12
59
-67
-53
118
69
92
-41
23
72
-4
-23
-15
112
-90
-13
71
9
-105
110
26
25
61
91
-61
43
88
-43
-50
-19
22
-90
120
-85
99
10
55
-51
44
21
126
-4
-124
54
9
65
-35
12
67
-66
-101
-60
38
35
48
-83
-72
-1
-93
85
-8
-11
74
-116
16
118
-27
91
63
-54
103
103
49
116
-16
55
44
8
-41
104
6
33
-68
-126
-55
-111
81
97
-118
26
-47
-57
-90
98
98
1
-81
116
-16
-70
-74
-55
67
94
-23
-53
125
-35
-13
95
-42
0
-38
78
95
86
-32
109
-32
-115
-72
58
-91
-25
-55
93
-47
92
-121
72
21
-122
23
84
18
50
23
-108
-126
-93
48
-51
36
-99
33
-33
41
-14
-44
-103
110
-17
-31
111
37
119
-30
-31
16
-57
122
-105
75
88
-13
81
-54
-108
-15
-69
38
16
-85
-27
35
-75
20
17
-46
119
-67
-70
-126
54
-44
-105
-47
43
89
37
-73
41
24
62
-75
-97
-111
-41
22
-48
115
41
-26
104
63
-60
85
3
59
93
104
-38
-26
3
-91
-17
88
84
-38
-13
62
42
37
121
-4
-36
-46
-75
94
-2
-90
-46
77
9
17
-121
86
-55
80
11
-77
-58
-120
13
23
-32
0
118
-60
24
54
75
91
-13
7
-15
53
-75
84
18
100
-127
13
-118
-128
111
-50
-84
-127
-76
-6
-17
-50
-116
106
102
-74
111
-48
76
-101
2
0
-62
-113
36
121
-95
62
-56
107
117
-12
121
-98
35
-41
75
44
-121
-103
96
75
68
97
54
-15
-51
34
104
2
-37
46
96
117
-66
66
59
-84
-97
99
-64
90
-47
117
12
90
-38
84
120
36
5
-115
59
-62
51
94
-102
0
55
-54
116
-70
-18
104
-111
-89
-122
61
106
-121
-74
113
-56
127
-27
-105
8
-3
118
95
-24
77
-66
-18
-84
-71
-91
-45
-37
-8
99
-102
6
-98
53
121
-101
-30
126
48
-85
-25
59
21
35
12
-31
41
-79
-104
53
38
30
47
50
-110
-77
-68
90
-72
1
53
-124
88
100
113
53
-87
125
15
22
-103
77
-62
16
80
-51
80
45
122
-97
-122
-38
-17
-19
-27
123
71
-123
97
-39
-89
-48
-76
-62
-64
18
-31
-75
125
-15
85
89
62
-111
-83
-50
35
34
113
-6
102
73
5
81
-86
-19
99
-39
99
-35
-126
6
107
-55
52
-104
-102
-119
-72
-123
46
120
-30
-40
-23
56
-103
-56
12
2
-59
-105
52
-46
37
-6
112
-32
-91
-84
29
63
-84
-35
113
-125
-41
-22
-48
13
107
-128
-51
56
56
12
90
101
93
-79
118
62
-4
-41
96
126
32
60
-81
-89
-38
-55
27
27
65
-49
-79
-91
77
-13
27
-1
118
119
-108
-99
25
-96
0
59
3
105
-48
-124
-5
37
61
59
30
92
-35
-53
-20
11
123
68
-17
-63
-9
101
104
-60
-126
-80
87
-10
-36
-4
58
19
49
-34
6
-41
73
-86
-75
19
-9
-123
32
-85
-80
-36
-66
-42
92
7
84
15
115
-32
112
-32
19
57
-24
54
-3
-20
-8
-101
55
-111
-16
-43
72
-21
-99
99
69
-76
-83
-87
-53
-124
110
-57
86
-103
46
-36
-116
-6
-101
3
-30
36
-116
-30
-80
102
106
115
57
-2
-61
94
80
29
-91
104
-115
77
101
32
-94
-2
119
-1
121
73
-122
127
-60
73
-42
-64
113
1
-85
114
-92
28
-51
-105
-37
32
-88
-111
71
70
51
-4
58
89
51
74
-116
-85
1
-108
73
-24
122
36
89
-54
27
124
-22
-125
98
-101
112
61
-75
-24
-80
-119
84
-4
88
-20
-100
69
-60
57
80
53
-128
-35
97
-51
-64
124
-1
122
65
-118
-28
115
-21
-84
101
-3
-91
119
60
-76
59
35
34
46
-34
6
-127
-59
-76
42
110
-69
-79
-81
36
31
103
57
104
8
-123
3
0
-32
119
-126
-93
124
-37
75
-122
-60
-119
-20
-104
112
37
78
59
-73
119
55
-112
-65
-94
37
3
101
64
-27
-24
13
68
-26
1
-58
127
-107
89
13
-63
24
102
114
-36
70
-53
42
-113
3
-81
-125
-58
-7
118
58
-62
54
-5
71
-21
-8
-120
78
-25
-121
-9
-92
90
42
18
-67
60
16
-68
85
-24
118
-8
-18
-77
99
88
119
-89
119
63
-7
-2
-94
-91
-108
11
4
107
-102
18
25
-90
32
86
-83
-55
61
-102
-85
107
110
-45
64
64
-24
61
38
63
5
21
-109
119
-106
-33
107
62
122
-35
70
111
-14
55
-63
-107
96
-47
-54
-107
-65
-57
-61
86
-11
-117
55
-71
-51
82
32
-62
-102
-77
12
70
115
82
11
54
47
-17
67
93
-32
-65
1
82
118
65
115
-12
-71
42
60
-124
-76
54
-64
27
-80
124
-88
108
64
-105
-27
-6
34
46
6
65
-23
6
-88
21
71
-56
-26
31
70
19
108
-57
-121
5
57
-23
109
119
-3
-13
-55
-23
106
91
91
63
98
61
-12
-61
-45
115
-30
92
107
-88
48
-44
-42
-110
33
18
104
66
125
-72
38
-84
9
107
38
-20
31
-84
-87
19
-66
125
14
-89
73
47
1
12
-94
107
-42
8
76
22
-70
45
12
-23
-116
-109
10
77
70
-123
55
126
124
-30
-85
98
-69
92
44
-86
-30
103
11
-37
-125
-54
-23
31
-9
-102
97
109
38
87
64
-72
-89
-58
-79
-28
-123
-34
30
39
32
123
46
73
-37
-52
-30
109
-64
88
-5
61
16
-65
67
69
46
-58
10
-10
47
-22
114
-109
126
48
-84
-127
97
77
32
-84
-54
-15
-93
-37
-75
99
119
85
66
-29
30
41
115
57
-45
22
-74
108
111
3
-42
108
-75
16
111
-109
-54
-37
12
-1
56
19
113
89
-10
103
3
115
-5
-13
-91
-10
89
-71
-41
54
-107
-103
90
42
75
-118
9
107
-62
-102
73
-78
-26
8
125
-92
-24
82
-108
53
9
107
-90
-62
6
0
68
111
-61
-102
-47
23
22
40
45
81
-8
-51
14
-21
69
111
-49
-83
-64
-65
-80
38
-84
9
-88
104
58
59
-122
53
103
73
109
64
-105
-96
-51
104
19
-125
127
-87
25
-122
-9
111
107
-62
-126
28
-3
1
47
-87
44
85
-28
-37
73
74
93
-16
108
-119
24
-24
-74
127
-4
-57
-103
-80
78
92
105
-38
-32
109
10
114
117
55
-75
-121
-88
54
-117
68
92
-97
72
45
8
0
102
-62
-63
76
0
0
-62
-102
42
-80
-35
55
-51
-95
10
50
-60
58
-34
91
-102
9
103
13
-62
42
-76
31
-68
5
-75
-60
-117
-82
109
-39
119
111
126
89
48
53
-102
-31
-36
-74
115
-100
97
-117
-75
-87
51
58
3
-108
-98
-110
-50
21
-97
48
63
27
76
5
-2
80
65
52
-61
-102
9
62
81
-106
24
122
-106
-44
-128
65
-11
65
44
-15
-64
-97
12
-109
44
-88
-100
-75
-87
-16
38
87
-94
-106
76
100
-101
80
14
-83
76
-100
80
-54
-3
5
-68
77
-117
117
107
7
19
0
67
-4
102
-62
28
-123
-67
-6
-44
-101
126
48
122
70
5
-107
3
-18
72
46
-90
-62
-86
44
-109
-77
-75
102
-102
-87
25
-91
110
77
-91
-57
5
31
22
-92
123
-47
96
13
109
51
-15
-11
51
-4
-53
116
-123
-27
-66
59
77
-11
-91
108
59
-29
-23
-44
-51
-1
-113
-109
15
-102
-103
-80
-10
-54
-13
-125
85
110
-62
-56
40
-92
23
16
75
-42
36
-84
-103
-11
-24
54
109
51
50
-84
28
-42
-20
120
21
-3
47
-34
-28
-76
107
103
-23
-32
52
126
60
-26
112
-68
-56
1
-118
-31
-68
-114
26
0
6
1
89
-52
-128
10
-76
-113
-70
12
-21
-121
119
-103
-122
-68
-56
-51
81
85
120
27
-44
54
120
-14
-94
-44
12
-16
-57
-38
89
-70
1
82
11
-120
28
-84
121
117
-68
-49
113
87
-34
-97
-113
42
70
4
42
30
122
125
-30
24
-102
-71
36
-101
103
107
-94
-96
-86
93
-111
1
25
15
51
-88
-19
-111
-86
-25
100
0
-128
1
-112
-35
96
-110
12
-21
-31
-16
-91
119
3
-112
-37
123
-4
102
50
-23
-120
-55
109
66
-87
-99
-125
-38
107
-78
-56
93
-80
37
-60
65
23
-124
-4
-25
79
-36
-83
75
-74
53
47
99
-106
37
-95
-82
-118
127
76
-49
31
-50
-18
42
60
-88
-34
-50
-3
-53
80
73
-1
-48
-85
-24
-107
11
-53
-100
-5
-60
26
-77
93
-3
93
-107
-103
90
83
-70
-115
65
-64
115
-68
-94
-107
75
-37
119
87
-9
22
-122
62
5
99
-93
-22
122
73
-123
85
-6
4
110
103
-61
59
-15
85
-51
-48
-87
-105
-128
-99
-28
104
12
15
42
26
-88
-118
-73
77
-118
94
-19
100
-119
-34
50
44
75
-52
-79
42
45
-59
-58
15
-8
81
-88
104
8
85
51
-84
72
55
-83
-8
87
97
85
83
11
126
77
2
12
0
48
0
62
-79
84
-8
-30
45
107
-65
15
-30
-33
-5
12
52
11
116
-37
63
-34
-58
-40
113
-46
-63
106
42
-13
-78
72
-17
126
-12
42
116
-37
60
121
21
6
-121
71
-114
-26
48
115
121
-83
-24
53
71
16
-4
-122
53
35
122
-99
-17
6
24
-16
86
83
-109
-95
34
3
19
-48
102
-58
-82
104
-122
-101
-80
-44
25
0
-65
-49
70
-69
-22
95
-122
106
77
-118
94
69
-65
-21
-111
-117
-82
60
82
-21
9
33
64
51
-92
114
-16
38
-57
22
-65
-98
-29
21
-75
-31
-100
-63
12
43
119
87
-32
-33
-40
-97
37
-27
104
83
41
-50
-120
127
80
-85
-54
91
34
-50
68
-68
49
-74
123
-107
-48
80
95
105
41
124
-48
-15
97
-83
-24
-3
42
-53
-107
87
-70
-115
68
-68
67
9
41
-100
-7
56
-88
-56
-87
4
-86
-102
97
13
-119
-40
-47
-79
53
-109
-32
-41
-44
14
-69
113
-19
-57
-27
-121
-58
106
57
4
0
-28
109
82
-7
-105
-103
49
86
-66
-101
12
-56
88
21
-63
0
-56
110
16
-106
-121
-13
-92
96
-86
-36
6
-33
-105
-95
116
76
-66
110
38
-82
92
-110
-1
31
-4
-87
-16
-79
-76
76
82
-116
13
58
126
-12
-23
45
49
8
24
27
-80
-62
103
-60
123
-98
-91
23
-106
-71
-19
-4
124
26
-68
35
126
-12
106
88
-65
25
110
-25
92
-73
-63
-37
-92
126
121
-107
77
82
-74
106
-62
-80
-18
6
82
97
-51
-28
-8
102
-40
57
126
42
77
-40
34
-113
29
67
115
12
-33
-62
89
6
-41
76
-112
-125
117
8
6
-77
-43
-58
117
-36
100
-48
109
45
123
108
-128
-61
26
11
112
-102
36
-65
24
84
-51
-88
-80
-96
102
122
91
-116
13
10
-46
-67
72
7
-17
112
-68
45
14
80
73
3
-128
97
-115
-120
45
125
-58
88
-117
-11
-125
-96
-9
68
-16
-50
-89
116
27
38
25
9
37
69
-9
65
31
-99
94
-94
-37
-41
-95
-36
-23
67
29
-31
111
-124
111
69
-81
40
65
85
-31
65
69
6
100
-86
22
85
58
41
60
2
107
51
1
80
49
-98
45
-84
-103
-16
103
-119
56
52
-47
-66
-118
17
103
88
51
-84
44
-98
-81
54
96
21
-60
42
-81
13
3
-17
-63
-65
-58
-51
-86
-51
-124
-121
-34
56
-124
90
42
-22
92
-93
-128
52
8
-71
79
44
-34
-90
-83
-3
-5
-56
105
-84
90
42
23
22
27
-127
51
-36
95
-44
-15
62
-57
123
-101
21
86
58
118
-61
-102
-118
-79
114
74
23
-121
-75
-41
48
-84
-55
25
-95
-123
7
65
93
-97
-104
-114
-107
-34
-28
41
-75
-87
106
51
-75
-55
-8
46
-17
28
79
-97
-27
-54
43
127
32
-27
-124
-114
43
34
-76
-103
37
48
-87
54
-80
115
114
20
26
-77
39
-5
23
-41
-116
15
106
-97
53
24
-20
-54
-29
28
-97
-83
10
-23
-126
124
95
-16
-84
13
91
-110
-79
-90
-38
7
-111
-5
112
-3
45
-29
-48
123
11
59
-92
-127
-87
-96
114
-122
-31
120
126
-51
-121
-45
75
-118
-75
78
2
89
55
38
29
57
-94
66
110
-74
-108
93
47
-34
107
-62
-84
-23
-117
90
-18
-100
-111
-73
65
-19
-9
-92
21
-120
4
-28
-95
-2
94
87
-27
-17
72
38
116
103
26
8
-120
-94
-89
33
-60
47
-106
-35
-70
-127
-46
123
29
105
47
-87
-10
-39
26
80
1
-63
17
114
-81
43
47
-84
-127
-31
-101
21
118
-67
1
0
88
30
-37
84
-104
47
-81
-54
-15
-93
-41
-15
13
-6
-77
37
98
69
-81
61
-97
19
-123
-95
123
-99
6
114
-12
43
-29
75
95
-96
-103
-104
-31
69
-81
-67
115
31
-81
16
-69
23
-104
-53
-101
-29
14
9
100
44
51
-61
26
72
55
2
74
116
-43
45
93
78
108
-3
-14
40
-35
-80
-18
-87
48
55
-66
-72
-20
-62
-102
9
107
92
-7
87
-108
-29
-103
98
-20
83
-47
107
11
48
-109
-80
79
74
-38
-110
53
-37
27
-120
69
-96
90
88
-107
11
-114
-67
46
93
-12
-119
-119
93
-47
-54
22
103
8
34
71
101
-114
3
0
92
-122
21
36
-57
14
-65
76
-109
121
76
62
-19
114
-75
110
83
-12
-47
102
114
-58
-52
-102
57
-9
-89
83
-74
-29
103
-52
63
-6
109
-38
-94
-90
50
114
113
-47
0
-35
-128
-102
50
-41
8
-28
91
-6
-28
-126
35
71
-101
-110
-85
-58
-114
48
73
118
-125
74
25
9
5
107
-54
0
-128
97
94
-53
-111
29
-4
103
52
-40
-70
46
30
-98
42
117
125
42
-117
-58
-80
-13
-73
49
114
-4
93
-109
-104
-22
-18
-62
9
-97
43
105
-68
-88
125
-58
36
98
64
-51
-105
-102
33
-7
-110
-77
-32
-102
35
-101
-109
-87
-1
60
-34
-36
-98
107
106
-64
-37
-44
117
-13
-76
84
22
-122
114
51
-109
100
-120
19
81
112
42
84
-28
118
-103
-62
125
0
-97
106
-84
1
96
121
56
-34
-39
11
80
-2
81
126
-106
-56
20
13
109
29
76
37
-57
91
-68
29
-70
41
-60
18
-87
-9
-94
-102
50
20
18
60
-3
-48
81
-40
76
5
-128
13
117
66
-72
78
-17
-12
9
-26
10
-21
-110
-101
97
13
0
96
-53
-120
-40
-113
68
44
24
91
58
110
24
59
57
-71
79
-66
-99
121
-37
25
-27
60
88
123
-91
22
-29
102
-95
-26
-105
-41
-18
-123
-94
44
21
-82
-40
6
50
-52
2
25
-21
96
-79
-15
-57
-64
31
49
1
0
-128
54
70
21
-10
-57
-49
-102
10
-52
-9
-111
33
37
-14
-115
-100
53
81
80
25
-8
-75
-86
73
-64
75
74
-31
-109
117
95
-94
-34
-61
38
-49
-77
44
-118
8
-54
75
-84
-38
75
-127
17
-82
-20
21
100
-62
26
0
40
-88
88
-31
-8
79
-67
-110
122
113
88
51
123
-111
21
19
-77
-39
-19
7
-75
-38
84
-80
73
64
70
-32
117
-13
-50
-67
95
-15
65
-80
1
0
120
-34
-82
4
45
-84
-39
-15
-61
36
81
-109
-51
-63
16
-1
-122
50
42
52
-42
-12
-89
-15
86
72
78
-89
110
-2
58
-16
25
84
-11
-7
-32
109
122
-101
-123
40
-44
23
-113
-31
-75
-41
115
-16
94
5
-48
-48
107
79
-123
-80
76
-24
119
77
109
83
105
52
-68
-52
-67
-20
10
-86
38
79
-123
105
-4
-50
124
61
26
122
127
63
5
-41
40
-120
-14
13
-91
-88
125
-106
-38
62
-39
19
-4
19
99
74
-83
89
78
2
-75
-23
-48
82
-31
-49
-9
95
-76
59
-8
-51
-12
71
-31
71
82
109
64
-14
-86
85
84
80
57
-67
-122
-41
106
50
-127
81
86
-82
8
-106
-28
9
68
47
24
-42
112
107
124
27
-120
110
-114
-33
-11
-70
110
4
42
105
47
-95
-20
-77
-10
26
21
-126
-12
28
92
-117
-100
-66
74
-117
100
-15
-108
47
-77
-16
21
-67
-86
-45
-32
-7
-84
-103
54
19
-17
-6
62
76
106
99
-8
81
17
-38
76
61
-4
-81
-109
-62
-6
122
-55
-60
118
-30
-61
64
1
6
17
6
2
-14
-51
55
-11
-53
116
23
66
-12
-98
-35
-61
7
101
87
-24
-87
-48
36
12
64
13
-89
28
30
-42
32
119
-29
-20
25
-99
37
98
69
-81
-5
72
-79
-23
-11
96
-67
-87
-112
-112
-86
-91
73
28
-75
-72
-68
-118
94
123
63
-14
-44
-72
-81
60
-33
93
-124
122
64
-24
-126
-5
-44
7
117
-68
93
-117
103
-102
51
-113
5
-71
-6
-11
109
7
4
-56
-122
6
85
3
0
-27
-110
96
58
-97
9
-21
64
-48
97
-116
83
-112
117
-72
-41
-33
-50
-20
-116
126
-102
-51
84
-64
-16
18
17
105
96
-16
-63
-11
-6
105
81
-5
57
113
-29
61
-108
-71
-90
22
124
22
-43
-53
-61
0
-83
-19
-45
-79
-9
-94
70
-5
-87
113
-110
63
48
97
26
-8
-109
88
118
23
111
83
-108
-16
93
93
52
-55
-40
-96
114
28
-10
56
112
59
19
49
-34
-90
109
-95
-41
-107
106
3
-67
115
-116
97
5
-61
-79
46
-76
14
-42
-13
-84
-3
-63
-45
-46
11
-86
78
-17
-32
24
-6
-111
97
-52
-54
119
102
-110
-95
-19
-57
59
-71
-90
70
6
94
55
-9
-18
86
-77
114
84
-117
94
-61
26
117
-42
-22
-45
-112
35
44
76
18
53
3
80
33
76
-110
12
107
0
80
107
112
99
13
118
-125
-118
-88
-51
4
-96
-55
80
109
65
70
-121
-99
15
-34
-90
-94
-41
18
-17
82
62
-85
-4
97
77
-98
10
-33
-90
-65
13
-87
84
-104
-17
109
80
22
107
0
-124
-37
100
111
99
-8
69
40
-88
8
40
-24
-56
-103
-20
73
-79
-10
-39
-102
36
79
-123
-19
-69
73
-14
18
106
73
81
22
107
-110
20
-68
101
3
24
105
31
-80
42
-94
54
19
-6
-84
-36
118
112
86
37
-97
-74
120
-101
-30
105
102
-43
-7
5
-58
-32
-28
49
104
51
-127
-64
-94
-6
-103
9
107
64
-101
9
5
-107
-93
118
-4
116
-56
-120
116
-42
126
80
-2
124
-120
60
-125
54
24
111
-101
121
27
-108
79
-58
117
-119
-60
88
43
-35
-75
125
-114
-109
36
11
18
-4
17
49
125
2
0
32
73
6
84
5
-57
31
107
-128
52
109
-38
-74
-94
-41
54
-113
43
60
7
59
-102
53
-128
97
-3
28
43
-42
8
-15
-121
-86
106
81
-5
105
-15
-74
-32
46
-113
-2
68
121
69
14
42
106
51
17
88
84
63
118
-81
-105
36
-49
-15
-13
-23
-85
94
-101
-66
-44
5
-23
-11
60
-53
39
-125
-102
101
58
31
50
-105
-41
90
38
69
-19
61
113
-2
-101
90
42
58
-57
-37
-98
103
-7
63
0
-92
-59
42
-88
-98
-75
-41
0
-128
77
-58
-108
-41
36
-121
119
38
0
0
0
0
105
122
109
-87
24
0
61
61
21
-102
100
-24
-65
-98
49
6
110
-110
12
107
-14
84
-8
-90
-35
20
34
92
-30
-1
-61
-102
84
-12
26
-44
-126
87
110
14
-114
21
81
65
69
64
1
37
121
5
0
-124
53
40
122
61
-97
62
-49
99
66
-42
-62
100
120
90
-44
94
51
44
121
92
-19
23
-32
-32
21
-67
-98
103
-7
-42
-76
0
11
62
49
38
-53
23
-75
-49
-78
92
-113
-21
-94
-49
-22
87
104
-110
100
-101
-119
-64
114
-100
-37
-110
-62
-120
-48
102
34
-61
106
40
-49
-125
-4
-109
96
79
-123
-17
-6
-109
-19
119
7
-9
118
-103
-62
-38
-80
-90
40
63
-22
-115
-102
99
-23
112
-81
-19
115
-100
36
17
104
-57
-71
-115
-119
109
50
-96
34
-76
-103
-117
-37
110
-16
-119
-62
111
-45
-74
125
-114
-65
-22
51
-56
7
-113
-124
10
-117
53
-61
89
-70
-5
44
111
96
-105
-15
61
-49
-38
79
31
99
-29
-65
-91
-50
20
77
85
-66
61
21
-18
12
118
-59
-44
-30
-65
84
104
-122
53
-61
-104
-90
93
80
53
-84
1
0
32
40
111
-79
118
-72
-19
120
75
-57
69
-19
53
25
-50
-6
-3
37
59
-75
47
52
-84
-119
-126
-118
0
1
-57
47
99
42
-12
-122
53
-47
102
10
75
102
75
19
29
-4
95
89
-98
-27
123
-98
97
-27
31
-96
79
88
3
0
80
68
0
-128
-128
-26
-86
-104
12
126
-95
-120
-62
-102
-31
-68
-115
104
19
112
-102
-52
-37
-12
84
-8
-10
86
118
-101
62
-83
94
-26
-45
83
97
121
-10
-26
-72
14
39
-3
-29
94
-109
100
-34
-90
101
105
5
-14
-36
31
46
-1
28
79
-122
-75
96
10
-1
-7
2
-41
104
51
-95
-120
-118
40
-91
118
-57
-85
14
-86
-122
97
-51
-13
-87
-20
-23
-85
53
-70
12
-5
-74
-94
-105
36
67
22
-23
-32
13
22
-32
-28
57
94
-44
62
-37
-17
-77
-12
-87
37
-106
9
0
10
42
71
12
-92
-35
-91
60
-87
20
5
71
-125
96
-2
-83
42
61
-71
-81
-61
109
-97
-29
36
25
29
-94
-102
-13
6
85
-35
-10
124
90
-47
107
80
60
62
-54
114
-37
-122
53
-59
-37
-12
92
-80
70
42
-97
92
21
-34
-90
21
-67
0
4
76
11
-105
-40
39
-115
-9
124
-38
-74
79
113
1
-46
-125
-33
107
-61
-86
-120
0
0
80
-21
-11
55
99
37
37
-88
-100
53
25
-50
-44
-86
-122
76
-38
-43
-41
126
90
-108
111
-53
26
-102
89
57
45
-59
73
-110
81
-31
79
-123
47
-34
-90
-19
-7
-108
12
107
0
0
80
68
12
107
2
0
-128
-126
-54
17
21
17
73
-110
60
-57
-49
-89
-83
-24
-107
97
45
-54
-14
44
-33
-25
56
73
-110
-25
-125
-14
69
-19
-89
120
-37
36
9
-104
4
0
0
12
107
82
-108
111
-37
83
97
121
-106
-27
83
-122
53
79
-123
31
-42
12
-19
-89
109
-37
-13
44
75
-123
111
-15
-74
73
-122
-77
53
25
-26
-96
34
0
40
34
0
0
-128
34
71
-114
40
-84
1
-122
-75
120
-101
-98
79
81
-66
69
-7
-13
-63
-37
-76
-94
23
0
0
-118
94
-117
-14
21
-67
-10
124
-38
-10
57
94
-68
77
-61
26
96
88
21
17
-48
102
42
-88
8
0
-118
8
69
14
-86
38
-61
-100
53
73
20
57
114
-28
72
-111
16
-27
-37
22
111
-101
97
-51
83
-31
-109
100
64
69
69
-114
8
109
38
0
69
68
-122
53
21
-67
-10
124
-64
-102
-52
-37
-76
-89
-62
-14
65
-7
36
73
82
-12
-118
-14
125
-114
39
-61
90
-108
-27
89
-2
57
78
-110
-92
-68
46
99
-82
-122
-6
19
6
73
109
-62
-32
-7
-19
-60
27
31
87
27
19
19
20
-43
-10
124
-64
26
-64
-80
62
21
-58
-111
7
-96
-120
112
69
-119
0
0
104
51
-123
53
-119
54
19
-61
-102
81
-31
43
-60
-36
86
-12
106
56
46
106
-81
25
22
-68
77
81
-106
10
77
-110
68
17
65
109
50
31
-108
-27
-3
-82
-28
57
126
94
97
-32
-120
80
68
36
-55
112
-106
37
24
91
-7
12
107
72
104
0
0
0
0
-96
-120
0
-96
-96
106
-122
-75
120
27
5
-81
20
-75
31
44
-35
-54
-14
-23
-7
-12
84
-8
-94
-10
3
-42
0
-122
5
21
41
37
2
0
-32
-54
3
20
57
-88
28
84
84
68
12
107
48
-84
-87
-24
21
-103
-72
-19
-7
116
-48
-2
-118
94
-97
-29
25
-42
20
-75
31
-80
102
-104
35
-62
-53
-59
-98
10
75
-116
50
31
-120
102
104
-97
101
-7
84
-12
-110
36
-55
-13
-63
110
41
17
10
42
117
87
-14
57
94
-47
43
-34
-90
45
-54
39
25
-42
-49
-15
-103
63
68
-122
-11
-119
81
60
21
-106
10
95
-108
111
91
-47
-53
-80
38
69
47
23
-68
20
81
65
-91
-30
33
20
17
-118
8
0
-128
34
71
-50
26
0
12
-19
27
97
-13
-59
-37
116
-8
-36
-98
10
75
-123
-27
89
62
25
-42
-122
53
41
122
-75
-117
-25
-3
107
91
-47
43
108
-77
-49
113
-122
53
69
-81
61
-49
-38
107
-110
-28
-7
116
-29
-102
34
71
14
-93
43
25
80
57
114
80
57
34
-96
-120
72
-110
-31
-84
125
35
108
62
-61
-102
-11
98
43
122
-59
-37
-12
124
-38
-10
57
-50
-80
38
-38
76
11
94
69
-19
-89
-122
99
-108
-27
-45
-13
-23
115
-68
-59
-37
52
-84
1
-122
-43
-40
17
-98
103
-19
-5
20
-37
-94
-4
115
-4
57
-34
-13
108
13
0
-61
-106
103
69
-2
16
-128
34
-62
21
37
106
51
21
84
-50
-102
36
0
-128
12
107
-98
-29
21
98
110
91
-47
-85
-31
-72
120
-37
12
107
69
-81
69
89
42
52
73
-14
124
-70
113
77
17
21
84
-22
-82
100
-101
-87
-96
114
80
17
-128
34
34
-55
48
7
-107
-10
-49
6
94
73
69
-81
-21
-59
-30
109
122
62
61
31
-108
-81
-24
-107
12
107
-122
53
-111
-119
-117
-38
15
-106
-50
-19
-7
-12
57
-34
-65
-54
-96
-51
12
0
24
-38
79
-19
-30
68
84
68
-72
-14
-96
-96
114
80
81
-101
-103
36
3
-86
38
-61
-126
-73
17
98
110
123
-98
-107
110
-13
125
-114
15
107
70
-123
111
69
-81
97
77
-94
-120
-16
-46
57
125
-114
-9
43
84
50
108
-87
-16
-49
-15
-13
65
-7
36
73
82
-12
106
23
79
17
-123
53
39
30
66
-101
-87
-51
84
68
0
80
-28
-84
25
22
-44
-66
-127
87
82
-68
77
13
-57
-88
-3
-12
124
122
-98
-27
-117
-73
105
88
3
-61
90
-20
-42
-119
-88
-96
82
-27
1
-118
-88
-51
-44
102
2
-118
-100
53
-128
97
125
-98
21
-7
67
64
17
-31
-54
-119
28
84
-114
28
57
107
-110
0
0
50
-84
121
-114
87
-120
-71
-19
115
124
-67
-40
-118
94
50
-84
21
-67
22
-75
-49
-42
36
-119
34
-62
65
-51
-13
44
75
-116
43
-55
-68
13
106
-97
-75
-97
22
-27
-109
36
67
-5
-84
72
41
17
-61
-102
-16
93
22
111
-125
-73
-23
-7
-76
-19
115
-100
97
77
0
0
23
-68
-98
15
106
-33
-9
-100
-94
124
81
-66
-12
43
-13
-100
30
-109
-45
-60
-120
116
-73
-119
-48
102
-62
-36
66
102
-20
-78
22
-18
42
-120
24
-42
24
-42
20
111
35
-127
-40
-74
-25
-45
-11
98
43
122
125
-114
15
107
-94
-56
17
-123
53
-61
89
-66
66
-52
45
-34
6
75
103
-44
94
51
44
120
-101
-94
-4
115
-100
36
73
20
81
79
-113
62
-59
-37
-56
93
73
-47
107
69
-81
-94
-41
-74
40
-97
100
88
63
-57
-25
-56
35
25
86
-3
-10
20
57
-88
28
17
-118
8
64
-101
41
-84
-55
-88
-48
92
112
43
127
42
12
-76
-65
61
-97
-98
15
-34
6
-27
79
-123
6
0
-80
-51
-12
102
-96
-25
-3
-120
58
-59
86
-12
42
122
69
-19
-89
12
107
-61
-102
108
51
65
109
98
-37
-94
-4
87
-56
60
-53
63
-57
25
-42
-94
44
31
-80
102
-104
35
-62
-53
-59
-98
103
-19
-5
68
31
-80
102
104
-97
101
-7
-12
57
-98
36
73
81
-106
55
118
127
43
122
-71
-54
93
-62
18
56
125
-124
20
77
-61
-104
0
0
48
-84
-16
-91
-37
32
-10
49
-114
-56
-122
53
-61
-102
12
107
-110
12
107
0
0
96
88
115
-63
43
-55
-80
-26
-36
-107
100
88
51
-84
25
-42
36
25
-42
0
0
-64
-80
-26
-126
87
-110
97
-51
-71
43
-55
-80
102
88
51
-84
73
50
-84
1
0
-128
97
-51
5
-81
36
-61
-102
-100
-69
-110
97
-51
-80
102
88
-109
100
88
3
0
0
-61
-102
11
94
73
50
-84
57
119
37
-61
-102
97
-51
-80
38
-55
-80
6
0
0
-122
53
23
-68
-110
100
88
115
-18
74
-122
53
-61
-102
97
77
-110
12
107
0
0
24
-42
-28
-126
87
-110
97
-51
-71
43
25
-42
12
107
-122
53
73
50
-84
1
0
-128
97
-51
5
-81
36
-61
-102
115
87
50
-84
25
-42
-28
-14
95
-110
97
13
0
0
12
107
46
120
37
25
-42
-100
-69
-110
97
77
-122
53
-61
-102
36
-61
26
0
0
24
-42
92
-16
74
50
-84
57
119
37
25
-42
12
107
-122
53
73
-122
53
0
0
48
-84
-71
-32
-107
100
88
115
-18
74
50
-84
25
-42
12
107
-110
12
107
0
0
96
88
115
-63
43
73
-122
53
-25
-82
100
88
51
-84
25
-42
36
25
-42
0
0
-64
-80
-26
-126
87
-110
12
107
-50
93
-55
-80
102
88
51
-84
73
-110
97
13
0
0
-61
-102
11
94
73
50
-84
57
119
37
-61
-102
97
-51
-80
38
73
-122
53
0
0
48
-84
-71
-32
-107
100
88
115
-18
74
-122
53
-61
-102
97
77
-110
12
107
0
0
96
88
115
-63
43
-55
-80
-26
-36
-107
12
107
-14
-37
48
-84
73
50
-84
1
0
-128
97
-51
5
-81
36
-61
-102
115
87
-110
97
-51
-80
102
88
-109
100
88
3
0
0
-61
-102
11
94
73
-122
53
-25
-82
36
-61
-102
97
-51
-80
38
-55
-80
6
0
0
-122
53
23
-68
-110
12
107
114
-18
74
-122
53
-61
-102
97
77
-110
97
13
0
0
12
107
46
120
37
-55
-80
-26
-36
-107
12
107
-122
53
-61
-102
36
-61
26
0
0
24
-42
92
-16
74
-110
97
-51
-71
43
25
-42
12
107
-122
53
73
50
-84
1
0
96
88
-109
11
94
73
-122
53
-25
-82
100
88
51
-84
25
-42
36
-55
-80
6
0
0
-122
53
23
-68
-110
12
107
-50
93
-55
-80
102
88
-109
97
77
-110
97
13
0
0
12
107
46
120
37
25
-42
-100
-69
-110
-116
104
-122
53
-61
-102
36
-61
26
0
0
24
-42
92
-16
74
50
-84
57
119
37
25
-42
12
107
-122
53
73
-122
53
0
0
48
-84
-71
-32
-107
100
88
-109
115
87
50
-84
25
-42
12
107
-110
12
107
0
0
96
88
-109
36
-55
-80
102
40
-111
1
73
-122
53
73
-122
53
0
0
48
-84
73
-110
100
88
51
-84
-55
-80
38
-61
-102
36
25
-42
0
0
48
-84
73
-110
100
88
51
-84
-55
-80
38
-61
-102
36
25
-42
0
0
-64
-80
38
73
50
-84
25
-42
100
88
-109
97
77
-110
12
107
0
0
96
88
-109
36
25
-42
12
107
50
-84
73
-122
53
73
-122
53
0
0
48
-84
73
-110
12
107
-122
53
-55
-80
38
-61
-102
36
-61
26
0
0
24
-42
36
73
-122
53
25
-42
100
88
-109
97
77
-110
97
13
0
0
12
107
-110
36
25
-42
12
107
50
-84
-55
-80
38
-55
-80
6
0
0
-122
53
73
-110
12
107
-122
53
25
-42
100
88
-109
36
-61
26
0
0
-122
53
73
-110
12
107
-122
53
25
-42
100
88
-109
36
-61
26
0
0
-72
-52
-107
36
25
-42
12
107
50
-84
-55
-80
38
73
-122
53
0
0
48
-84
73
-110
12
107
-122
53
25
-42
36
-61
-102
36
-61
26
0
0
24
-42
36
73
-122
53
-61
-102
100
88
-109
97
77
-110
97
13
0
0
12
107
-110
36
-61
-102
-116
69
50
-84
-55
-80
38
-55
-80
6
0
0
-122
53
73
-110
12
107
-122
53
25
-42
100
88
-109
100
88
3
0
0
-61
-102
36
73
-122
53
-61
-102
12
107
50
-84
73
50
-84
1
0
-128
97
77
-110
36
-61
-102
97
77
-122
53
25
-42
36
-55
-80
6
0
-128
97
77
-110
36
-61
-102
97
77
-122
53
25
-42
36
-55
-80
6
0
0
-122
53
73
-110
97
-51
-80
38
-61
-102
100
88
-109
100
88
3
0
0
-61
-102
36
-55
-80
102
88
-109
97
77
50
-84
73
50
-84
1
0
-128
97
77
-110
100
88
51
-84
73
-122
53
25
-42
36
25
-42
0
0
-64
-80
38
73
-110
75
110
-61
-102
12
107
50
-84
73
50
-84
1
0
-128
97
77
-110
36
-61
-102
97
77
-122
53
25
-42
36
25
-42
0
0
-64
-80
38
73
-110
97
-51
-80
38
-61
-102
12
107
-110
100
88
3
0
-64
-80
38
73
-110
97
-51
-80
38
-61
-102
12
107
-110
100
88
3
0
0
-61
-102
36
-55
-80
102
88
-109
97
77
-122
53
73
50
-84
1
0
-128
97
77
-110
100
88
51
-84
-55
-80
38
25
-42
36
25
-42
0
0
-64
-80
38
73
50
-84
25
-42
36
-61
-102
12
107
-110
12
107
0
0
96
88
-109
36
25
-42
100
88
-109
97
77
-122
53
73
-122
53
0
0
48
-84
73
-110
100
88
51
-84
-55
-80
38
-61
-102
36
-61
26
0
0
24
-42
36
73
50
-84
25
-42
100
88
-109
97
77
-110
97
13
0
0
12
107
-110
36
25
-42
12
107
50
-84
-55
-80
38
73
-122
53
0
0
12
107
-110
36
25
-42
12
107
50
-84
-55
-80
38
73
-122
53
0
0
48
-84
73
-110
12
107
-122
53
25
-42
36
-61
-102
36
-61
26
0
0
24
-42
36
73
-122
53
-61
-102
100
88
-109
97
77
-110
97
13
0
0
12
107
-110
36
-61
-102
97
77
50
-84
-55
-80
38
-55
-80
6
0
0
-122
53
73
-110
12
107
-122
53
25
-42
100
88
-109
100
88
3
0
0
-61
-102
36
73
-122
53
-61
-102
12
107
50
-84
73
50
-84
1
0
-128
97
77
-110
36
-61
-102
97
77
-122
53
25
-42
36
-55
-80
6
0
-128
97
77
-110
36
-61
-102
97
77
-122
53
25
-42
36
-55
-80
6
0
0
-122
53
73
-110
97
-51
-80
38
-61
-102
100
88
-109
100
88
3
0
0
-61
-102
36
-55
-80
102
88
-109
97
77
50
-84
73
50
-84
1
0
-128
97
77
-110
100
88
51
-84
73
-122
53
25
-42
36
25
-42
0
0
-64
-80
38
73
50
-84
-55
-80
38
-61
-102
12
107
-110
12
107
0
0
96
88
-109
36
-55
-80
102
88
-109
97
77
-122
53
73
-122
53
0
0
48
-84
73
-110
100
88
51
-84
-55
-80
38
-61
-102
36
25
-42
0
0
48
-84
73
-110
100
88
51
-84
-55
-80
38
-61
-102
36
25
-42
0
0
-64
-80
38
73
50
-84
25
-42
100
88
-109
97
77
-110
12
107
0
0
96
88
-109
36
25
-42
12
107
50
-84
73
-122
53
73
-122
53
0
0
48
-84
73
-110
12
107
-122
53
-55
-80
38
-61
-102
36
-61
26
0
0
24
-42
36
73
-122
53
25
-42
100
88
-109
97
77
-110
97
13
0
0
12
107
-110
36
25
-42
12
107
50
-84
-55
-80
38
-55
-80
6
0
0
-122
53
73
-110
12
107
-122
53
25
-42
100
88
-109
100
88
3
0
0
-61
-102
36
73
-122
53
-61
-102
12
107
50
-84
73
-110
97
13
0
0
-61
-102
36
73
-122
53
-61
-102
12
107
50
-84
73
-110
97
13
0
0
12
107
-110
36
-61
-102
97
77
-122
53
-55
-80
38
-55
-80
6
0
0
-122
53
73
-110
97
-51
-80
38
25
-42
100
88
-109
100
88
3
0
0
-61
-102
36
-55
-80
102
88
-109
12
107
50
-84
73
50
-84
1
0
-128
97
77
-110
36
-61
-102
97
77
-122
53
25
-42
36
25
-42
0
0
-64
-80
38
73
-110
97
-51
-80
38
-61
-102
12
107
-110
12
107
0
0
96
88
-109
36
-55
-80
102
88
-109
97
77
-122
53
73
50
-84
1
0
96
88
-109
36
-55
-80
102
88
-109
97
77
-122
53
73
50
-84
1
0
-128
97
77
-110
100
88
51
-84
-55
-80
38
-61
-102
-53
127
73
-122
53
0
0
48
-84
73
-110
12
107
-122
53
25
-42
36
-61
-102
36
-61
26
0
0
24
-42
36
73
-122
53
-61
-102
100
88
-109
97
77
-110
97
13
0
0
12
107
-110
36
-61
-102
12
107
50
-84
-55
-80
38
-55
-80
6
0
0
-122
53
73
-110
12
107
-122
53
25
-42
100
88
-109
100
88
3
0
0
-61
-102
36
73
-122
53
-61
-102
12
107
50
-84
73
-110
97
13
0
0
-61
-102
36
73
-122
53
-61
-102
12
107
50
-84
73
-110
97
13
0
0
12
107
-110
36
-61
-102
97
77
-122
53
25
-42
36
-55
-80
6
116
-17
5
-8
-99
59
-39
-24
49
-27
122
0
0
0
0
73
69
78
68
-82
66
96
-126
